Window 1280 720
Font fonts/airstrike.ttf 25 0 0 0
Rectangle r1 350 350 5.0 0.5 255 255 255 100 100
Rectangle r2 600 100 1.0 0.5 255 0 0 100 100
Circle c1 100 100 4.0 3 255 0 0 100
Circle c2 100 100 10 10 0 0 255 75
Rectangle delete 150 150 5.0 0.5 255 255 255 100 100
Rectangle r2 250 250 1.0 0.5 255 0 0 100 100
Rectangle r1 600 600 5.0 0.5 255 255 255 100 100
Rectangle r2 105 105 1.0 0.5 255 0 0 100 100
Rectangle r1 110 110 5.0 0.5 255 255 255 100 100
Rectangle r2 605 605 1.0 0.5 255 0 0 100 100